((("fhr._hist" .
   [1 0 0 0 0 0 0 0 0])
  ("expect" .
   [0 0 0 1 0 0])
  ("<=1" .
   [1 0 0])
  ("count" .
   [2 0 0 0 0])
  (">=" .
   [1 0])
  ("<=" .
   [1 0])
  ("dec" .
   [3 0 0])
  ("if" .
   [2 0])
  ("has_prolonged" .
   [0 0 0 0 0 0 1 0 0 0 0 0 0])
  ("not" .
   [1 0 0])
  ("fhr.decelerations" .
   [0 0 0 0 0 0 0 1 0 0 0 0 0 0 0 0 0])
  ("fhr" .
   [0 0 1])
  ("decs" .
   [5 0 0 0])
  ("and" .
   [1 0 0])
  ("accs.extend" .
   [0 0 0 0 0 0 1 0 0 0 0])
  ("None" .
   [1 0 0 0])
  ("accs" .
   [2 0 0 0])
  ("is" .
   [2 0])
  ("name" .
   [2 0 0 0])
  ("my_instance.f.__func__" .
   [0 0 0 0 0 0 0 0 0 0 0 0 0 0 0 0 0 0 0 0 1 0])
  ("my_instance.f.__self__" .
   [0 0 0 0 0 0 0 0 0 0 0 0 0 0 0 0 0 0 1 0 0 0])
  ("MyClass.f" .
   [2 0 0 0 0 0 0 0 0])
  ("my_instance.f" .
   [2 0 0 0 0 0 0 0 0 0 0 0 0])
  ("my_instance" .
   [0 0 0 1 0 1 0 0 0 0 0])
  ("MyClass" .
   [0 0 3 0 0 0 0])
  ("class" .
   [1 0 0 0 0])
  ("True" .
   [1 0 1 1])
  ("global" .
   [0 0 0 1 0 0])
  ("nonlocal" .
   [1 0 0 0 0 0 0 0])
  ("fn" .
   [1 0])
  ("a" .
   [7])
  ("line" .
   [1 0 0 0])
  ("baseline.central_bin" .
   [0 0 0 0 0 0 0 0 0 0 0 0 0 1 0 0 0 0 0 0])
  ("base_value" .
   [0 0 0 0 0 4 3 0 0 0])
  ("list" .
   [2 0 0 0])
  ("pool_forward_1" .
   [2 0 0 0 0 0 0 0 0 0 0 0 0 0])
  ("==" .
   [2 0])
  ("else" .
   [1 0 0 0])
  ("a_prev_slice" .
   [0 0 0 0 0 0 0 0 2 0 0 0])
  ("np.max" .
   [2 0 0 0 0 0])
  ("*stride" .
   [1 0 0 0 0 0 0])
  ("zeros" .
   [1 0 0 0 0])
  ("/stride" .
   [1 0 0 0 0 0 0])
  ("A_prev.shape" .
   [0 0 0 0 0 0 0 0 0 1 0 0])
  ("mode" .
   [3 0 0 0])
  ("pool" .
   [1 0 0 0])
  ("w" .
   [4])
  ("shape" .
   [1 0 0 0 0])
  ("conv_forward_1" .
   [1 0 0 0 0 0 0 0 0 0 0 0 0 0])
  ("w_end" .
   [2 0 0 1 0])
  ("w_start" .
   [3 0 0 1 0 0 0])
  ("h_end" .
   [1 0 0 2 0])
  ("h_start" .
   [1 0 0 0 1 0 0])
  ("h_W" .
   [1 0 0])
  ("h_H" .
   [2 0 0])
  ("A_prev_pad" .
   [0 0 0 0 0 0 0 3 1 0])
  ("Z" .
   [4])
  ("range" .
   [7 0 0 0 0])
  ("_" .
   [1])
  ("W.shape" .
   [0 0 0 0 0 1 0])
  ("W" .
   [4])
  ("n_C" .
   [7 0 0])
  ("+1" .
   [1 0])
  ("int" .
   [4 0 0])
  ("stride" .
   [4 0 0 0 0 0])
  ("n_W" .
   [2 0 0])
  ("n_H" .
   [2 0 0])
  ("A_prev" .
   [0 0 3 1 7 1])
  ("n_C_prev" .
   [0 0 0 2 1 0 0 0])
  ("n_W_prev" .
   [0 0 0 0 2 1 1 0])
  ("n_H_prev" .
   [0 0 0 3 1 1 0 0])
  ("cache" .
   [3 0 0 0 0])
  ("hparameters" .
   [0 2 1 2 0 0 0 0 0 0 0])
  ("conv_forward" .
   [0 0 0 0 0 0 0 0 1 0 0 0])
  ("conv_single_step_1" .
   [2 0 0 0 0 0 0 0 0 0 0 0 0 0 0 0 0 0])
  ("np.random.randn" .
   [3 0 0 0 0 0 0 0 0 0 0 0 0 0 0])
  ("np.random.rand" .
   [2 0 0 0 0 0 0 0 0 0 0 0 0 0])
  ("randn" .
   [1 0 0 0 0])
  ("np.random.seed" .
   [0 0 0 0 0 0 0 0 0 0 0 0 1 0])
  ("np.random" .
   [4 0 0 0 0 0 0 0 0])
  ("sum" .
   [1 0 0])
  ("a_slice_prev" .
   [1 0 0 0 0 0 0 0 1 2 2 0])
  ("a_slice" .
   [0 0 1 3 2 0 0])
  ("conv_single_step" .
   [0 0 0 0 0 0 0 0 0 1 0 1 0 0 1 0])
  ("return" .
   [5 0 0 0 0 0])
  ("pad" .
   [5 0 0])
  ("np.pad" .
   [0 0 0 0 0 1])
  ("X_pad" .
   [1 1 0 0 0])
  ("zero_pad" .
   [1 0 0 0 0 1 0 0])
  ("zero" .
   [1 0 0 0])
  ("def" .
   [8 0 0])
  ("%matplotlib" .
   [0 0 0 0 1 0 0 0 0 0 0])
  ("str" .
   [3 0 0])
  ("index" .
   [1 0 0 0 0])
  ("plot_util" .
   [1 0 0 0 4 1 2 0 0])
  ("ax" .
   [4 0])
  ("draw_canvas" .
   [0 0 2 0 0 0 0 0 0 0 0])
  ("fig" .
   [5 0 0])
  ("as" .
   [3 1])
  ("ncols=" .
   [0 0 1 0 0 0])
  ("curve_ax" .
   [4 0 0 0 0 0 0 4])
  ("curve" .
   [0 0 0 4 1])
  ("squeeze=" .
   [0 0 0 1 0 0 0 0])
  ("hist_ax" .
   [2 2 0 0 1 5 3])
  ("hist_ax.bar" .
   [0 0 0 0 0 0 0 0 0 0 1])
  ("np" .
   [19 1])
  ("np.arange" .
   [3 0 0 0 0 0 0 0 0])
  ("np.zeros" .
   [0 0 0 0 0 1 0 0])
  ("plt" .
   [4 0 0])
  ("figsize=" .
   [1 0 0 0 0 0 0 0])
  ("plt.figure" .
   [0 0 0 0 0 0 0 0 1 0])
  ("import" .
   [0 0 0 2 0 0])
  ("matplotlib.gridspec" .
   [0 0 0 0 0 0 0 0 0 0 0 0 1 0 0 0 0 0 0])
  ("GridSpec" .
   [0 0 1 0 0 0 0 0])
  ("plot_util.curve_canvas" .
   [0 0 0 0 0 0 0 0 0 0 0 0 0 1 0 0 1 0 0 0 0 0])
  ("np.array" .
   [0 0 0 0 0 2 1 0])
  ("hist_ax.barh" .
   [2 0 0 0 0 0 0 0 0 0 0 0])
  ("plot_util.hist_canvas" .
   [0 0 0 0 0 0 0 0 0 0 0 1 0 0 1 0 0 0 0 0 0])
  ("plt.subplots" .
   [1 0 0 0 0 0 0 0 0 0 0 0])
  ("from" .
   [1 0 0 0])
  ("hist_ax.get_yticklabels" .
   [0 0 0 0 0 0 0 0 0 0 0 0 0 0 1 0 0 0 0 0 0 0 0])
  ("plt.show" .
   [0 0 0 0 0 0 1 0])
  ("hist_ax.tick_params" .
   [0 0 0 0 0 0 0 0 0 0 1 0 0 0 0 0 0 0 0])
  ("dir" .
   [1 0 0])
  ("hist_ax.grid" .
   [1 0 0 0 0 0 0 0 0 0 1 0])
  ("which=" .
   [0 0 0 0 1 0])
  ("fig.tight_layout" .
   [0 0 0 0 0 0 0 0 1 0 0 0 0 0 0 0])
  ("for" .
   [10 2 0])
  ("in" .
   [6 0])
  ("lable" .
   [2 0 0 0 0])
  ("hist_ax.get_xticklabels" .
   [0 0 0 0 0 0 0 0 0 0 0 0 0 0 1 0 0 0 0 0 0 0 0])
  ("set_visible" .
   [0 0 0 0 0 1 0 0 0 0 0])
  ("False" .
   [1 0 0 1 1])
  ("b" .
   [3])
  ("print" .
   [15 0 2 0 0])
  ("bins" .
   [4 0 0 0])
  ("bin" .
   [4 0 0])
  ("fig.show" .
   [1 0 0 0 0 0 1 0])
  ("fig.draw" .
   [0 0 0 0 0 0 1 0])
  ("dtype=" .
   [0 0 2 0 0 0])
  ("dtype=float" .
   [0 0 0 0 0 0 0 0 0 2 0])
  ("data" .
   [2 0 0 0])
  ("np.histogram" .
   [0 0 0 0 0 1 0 0 0 0 0 0])
  ("baseline" .
   [0 0 0 0 1 1 0 0])
  ("zip" .
   [1 0 0])
  ("length" .
   [1 0 0 0 0 0])
  ("len" .
   [2 0 0])
  ("bs" .
   [1 0])
  ("demo_data" .
   [0 0 0 0 1 0 0 0 0])
  ("demo_data.load_raw" .
   [0 0 0 0 0 0 0 0 0 0 0 1 0 0 0 0 0 0])
  ("baseline.histogram" .
   [0 0 0 0 0 0 0 0 0 0 0 1 0 0 0 0 0 0])
  ("scipy" .
   [0 0 0 1 0])
  ("scipy.sign" .
   [0 0 0 0 0 0 0 0 0 1])
  ("scipy.signal" .
   [0 0 0 0 0 0 0 0 0 0 0 1])
  ("sg" .
   [1 0])))
